mutation_1	mutation_2	regression_coeff
 12 45 0.48893
 21 44 0.467932
 3 19 0.454892
 27 37 0.446677
 2 42 -0.391617
 3 13 -0.357706
 10 28 -0.352027
 25 48 -0.329742
 16 18 0.324801
 18 32 -0.31224
 26 49 0.302387
 13 27 -0.296485
 22 34 0.257181
 5 19 -0.253139
 7 29 -0.251408
 15 26 -0.222573
 9 50 0.222321
 4 25 0.220743
 29 46 -0.202664
 25 42 -0.199368
 5 48 0.196839
 27 30 0.193141
 9 26 -0.183532
 13 32 0.18278
 2 43 0.182261
 19 24 -0.177025
 2 38 -0.17209
 15 15 -0.170842
 2 28 0.169403
 13 46 -0.164658
 18 39 -0.163962
 5 30 0.163274
 31 42 -0.159589
 7 13 -0.159423
 2 10 -0.159396
 1 1 0.158499
 1 2 -0.156792
 25 33 -0.155972
 3 46 -0.155548
 17 31 -0.154997
 25 39 -0.153838
 39 48 -0.147296
 26 48 -0.145333
 37 42 0.144795
 12 13 -0.144636
 30 45 0.143232
 7 18 0.142524
 7 34 0.140844
 28 37 0.139872
 1 44 0.139743
 22 38 0.138018
 7 40 0.137767
 6 33 -0.136948
 15 43 -0.136647
 22 35 0.133955
 22 32 -0.133245
 3 43 -0.132973
 10 42 0.131178
 13 37 0.12979
 6 8 -0.129128
 33 40 0.12851
 26 40 -0.127938
 24 44 -0.126935
 19 29 0.126458
 21 28 -0.126051
 7 43 -0.125299
 1 23 0.123653
 8 50 -0.122538
 10 45 0.122336
 33 37 0.121649
 3 10 0.121446
 36 41 0.121378
 20 49 -0.12131
 1 11 0.120475
 13 33 -0.119753
 7 22 0.119667
 27 36 0.119578
 27 35 -0.119526
 21 27 -0.119197
 4 47 0.118612
 47 49 -0.118231
 21 43 -0.117991
 45 50 0.117594
 11 42 -0.117093
 31 36 0.115494
 28 44 0.115456
 12 23 0.115168
 16 19 0.114089
 3 49 0.113489
 8 34 -0.113182
 24 43 0.112731
 14 47 0.112654
 28 48 0.112383
 16 17 -0.112343
 34 40 -0.112217
 16 31 0.112181
 4 28 -0.111607
 39 47 0.111556
 33 48 0.11134
 39 49 0.110814
 18 26 -0.110224
 28 34 0.109943
 7 36 0.109227
 18 37 -0.108736
 8 37 0.108566
 21 23 0.108508
 14 45 0.108496
 3 25 -0.108338
 4 35 -0.107842
 36 47 0.10777
 29 50 -0.107056
 4 45 0.106703
 6 10 0.106459
 19 35 0.105871
 22 23 -0.105397
 18 23 0.105272
 13 24 0.104442
 20 21 -0.104422
 8 13 0.104253
 40 41 -0.104009
 6 11 0.103912
 4 42 0.103904
 5 15 -0.1039
 1 22 0.103847
 4 49 -0.103048
 13 25 0.103009
 5 5 -0.102979
 18 36 -0.102534
 32 37 -0.102314
 10 50 0.101899
 44 46 0.101475
 36 37 0.101291
 23 35 0.101209
 46 49 0.101191
 2 41 -0.101133
 14 19 0.100405
 26 28 -0.100118
 30 41 0.0996533
 4 40 -0.0996446
 26 36 -0.0994796
 12 25 0.0994423
 6 21 -0.0993453
 3 45 -0.0990455
 1 7 0.0989503
 42 47 -0.0985932
 12 15 0.0984568
 4 32 -0.098371
 10 16 -0.0977937
 9 42 -0.0969012
 13 44 -0.0968904
 5 24 0.0968216
 15 36 -0.0967904
 1 13 -0.0965675
 29 47 0.0965168
 33 50 -0.0964319
 34 45 -0.0963037
 17 43 -0.0962086
 9 47 0.095989
 13 34 0.0959128
 12 31 0.0956553
 17 42 0.0954828
 23 39 0.0953268
 1 46 0.0949276
 28 30 -0.094915
 7 23 0.0948321
 16 49 0.0939264
 11 17 -0.0939113
 21 45 0.093813
 13 14 0.0933939
 3 38 0.0931652
 20 20 -0.0930512
 37 47 0.0926329
 25 50 -0.0924052
 39 50 0.0923801
 29 42 -0.0919981
 5 35 -0.0916732
 8 18 -0.0911113
 9 40 0.0910252
 5 29 0.0908548
 19 20 -0.0908366
 11 13 -0.0907688
 17 34 -0.0903916
 12 46 0.0902217
 6 47 0.0898087
 5 27 -0.0894875
 27 40 -0.0892417
 6 35 0.089229
 5 8 -0.0892133
 9 21 -0.0890699
 23 48 0.0890202
 17 38 0.0888318
 21 30 0.088508
 11 49 -0.0883792
 6 46 0.0879127
 2 26 -0.0878525
 4 48 -0.0872666
 6 50 0.0872335
 12 26 -0.0871677
 11 18 0.0869672
 33 38 0.0868642
 5 14 0.0867631
 21 46 0.0864525
 38 48 -0.0860644
 25 30 -0.0856228
 3 37 0.0855762
 20 44 -0.0854482
 47 50 -0.0854463
 37 43 0.0854343
 23 29 -0.0849888
 29 45 -0.0849406
 22 33 0.0849322
 7 44 0.0849188
 3 6 -0.0846148
 4 43 0.0845007
 18 35 0.0844081
 15 34 0.0843641
 2 18 0.0839783
 15 45 0.0839526
 10 31 0.0838546
 19 32 -0.0835898
 24 32 -0.0835557
 4 10 -0.0835087
 25 36 -0.0834696
 23 42 0.0834517
 5 20 0.083104
 2 17 -0.0830317
 9 34 0.0830033
 17 21 0.0826582
 19 39 0.0820326
 24 47 0.081884
 4 41 0.0817521
 14 14 -0.0813008
 41 47 -0.0809671
 21 21 0.0808701
 15 40 -0.0807685
 11 19 -0.0806858
 7 30 0.0805861
 11 15 -0.0801638
 13 31 -0.0800024
 17 50 0.0799737
 12 40 -0.0799243
 24 42 0.0798465
 6 26 0.0796127
 8 47 0.0794836
 1 6 -0.0793858
 14 34 0.0792794
 2 49 -0.0792723
 30 44 0.0791354
 3 41 0.07911
 4 37 -0.0790273
 18 31 -0.0790068
 21 34 -0.0785849
 13 21 -0.0785251
 2 47 -0.0785113
 30 30 -0.0783008
 18 27 -0.0779546
 10 13 -0.077722
 14 15 -0.0776367
 31 48 -0.0775811
 6 38 0.0775369
 15 28 -0.0774466
 2 21 0.0773024
 14 42 -0.0758829
 7 16 0.0758617
 8 26 0.0758096
 23 31 -0.0756134
 20 47 0.0754114
 9 31 -0.0752554
 22 25 -0.0752495
 20 50 -0.0752037
 11 47 -0.0752021
 19 22 -0.0750564
 10 27 -0.0750304
 32 36 0.0746778
 18 22 0.0745798
 3 30 0.0745505
 33 46 -0.0744831
 13 23 -0.074387
 27 41 0.0743432
 6 7 -0.0743421
 4 50 0.0742827
 2 27 0.0739323
 5 46 -0.0737663
 15 30 -0.0736123
 12 32 0.0735317
 44 49 0.0734983
 8 32 -0.0734729
 38 44 0.0733805
 4 20 0.0733794
 28 47 0.073374
 2 30 -0.0731085
 31 49 -0.0730147
 12 29 0.0728325
 10 30 -0.0727021
 13 28 -0.0724032
 9 25 0.072311
 25 38 0.0720859
 16 24 0.0720174
 4 17 0.0713182
 36 49 -0.0713117
 11 43 -0.0712494
 35 42 -0.0711846
 38 41 -0.071126
 2 3 0.0707154
 10 38 0.070515
 44 48 -0.0704443
 8 28 -0.0702127
 40 45 -0.0701424
 9 30 -0.0696425
 14 23 -0.0694016
 12 36 -0.0688853
 16 22 -0.0685323
 36 46 -0.0685276
 37 38 -0.0679059
 16 48 0.0676908
 7 21 0.0676596
 17 32 0.0675208
 8 23 -0.0673722
 4 34 -0.0670322
 22 37 0.0669866
 45 49 0.0669288
 15 46 -0.0668427
 22 43 -0.0668159
 7 14 -0.0667539
 35 45 -0.066743
 12 50 0.0666772
 37 41 -0.0666378
 3 23 0.0665996
 38 50 0.0665677
 26 30 0.0665523
 27 44 -0.0656198
 18 19 0.0655149
 7 11 0.0654231
 8 11 -0.0653634
 12 30 -0.0653058
 16 21 -0.0652944
 16 47 -0.0651513
 21 42 0.0651278
 6 37 0.0650574
 44 44 0.0649943
 15 18 -0.0648976
 5 18 0.0648722
 49 49 0.0647702
 23 49 -0.0644194
 2 33 0.0643884
 11 40 0.0643375
 10 10 -0.0642029
 22 42 -0.0639998
 27 34 -0.0639484
 23 28 -0.0638016
 9 24 0.0635001
 20 29 -0.0632739
 4 38 0.0632122
 32 47 -0.0632034
 19 45 -0.0631806
 2 19 0.0629242
 28 32 0.062841
 14 27 0.0628177
 7 39 0.0627875
 16 16 0.0627286
 34 48 0.0626202
 10 23 -0.0620424
 14 50 0.0619189
 13 45 -0.061612
 20 24 -0.0615865
 20 43 -0.06145
 42 43 0.061373
 3 16 0.0613448
 25 41 -0.0613355
 15 24 -0.0613128
 9 33 0.0613026
 9 13 0.0612397
 16 44 -0.0612355
 34 47 0.0612069
 38 43 0.061197
 16 39 -0.0611783
 15 39 -0.0611072
 34 39 -0.0609923
 29 39 -0.0608805
 36 39 0.0608493
 47 47 -0.06071
 22 49 0.0606688
 1 48 -0.0605784
 27 32 -0.0605305
 5 25 -0.0604798
 19 50 0.0604204
 27 49 -0.0601699
 3 44 0.0596251
 12 27 -0.059477
 1 29 0.0594403
 17 41 0.0593319
 20 28 -0.0592735
 23 40 -0.059236
 8 46 0.0588105
 6 40 -0.0586232
 30 35 -0.0585022
 8 19 -0.0583958
 7 8 0.0583122
 42 48 -0.0582286
 43 44 0.0578115
 8 15 0.057685
 1 16 0.057627
 40 50 -0.0575026
 2 16 0.0575002
 12 22 -0.0574956
 20 33 0.0573806
 11 45 -0.0572832
 5 45 -0.0572601
 20 35 0.0571048
 24 28 -0.0570743
 16 33 0.0568955
 3 34 0.0568379
 13 36 -0.0568284
 21 41 0.0568123
 21 50 0.0567653
 9 49 -0.0566549
 12 41 -0.0566257
 15 25 -0.0566234
 5 32 -0.0565111
 21 37 0.0564438
 23 26 -0.0562998
 14 48 0.056277
 20 38 -0.0562537
 20 41 0.0561449
 11 29 -0.0559323
 45 45 0.0557638
 11 46 -0.0557454
 26 43 -0.0556596
 8 9 -0.0556097
 16 38 -0.0555568
 5 40 0.0555338
 3 11 -0.0555236
 22 39 -0.0553451
 12 18 0.05531
 9 44 -0.055301
 24 50 0.055263
 1 45 0.0552485
 2 39 0.0551138
 23 47 0.0550547
 10 35 0.0549844
 8 22 -0.0549138
 46 46 -0.0548729
 4 7 0.0548604
 10 40 -0.0546856
 12 49 0.0544374
 6 12 -0.0544345
 38 39 0.0542475
 3 17 -0.0542208
 17 40 -0.0541398
 10 25 0.054082
 15 41 -0.0540711
 25 34 0.0540458
 21 31 -0.0539358
 39 43 -0.053735
 16 36 0.0536152
 29 33 -0.0534906
 9 36 -0.0532012
 19 28 0.0531831
 34 46 0.0531196
 36 42 0.0528644
 41 43 0.0528341
 13 15 -0.0527662
 9 12 -0.0526503
 22 41 0.0525325
 30 31 -0.052497
 4 19 -0.0522576
 7 33 -0.0521926
 45 48 0.0521649
 12 37 0.0519626
 16 41 -0.0519213
 7 50 0.0517777
 21 35 -0.0517546
 12 19 0.0516355
 24 27 0.0515029
 14 16 -0.0513997
 24 36 0.0512888
 2 8 0.051271
 25 29 0.0512636
 20 25 0.0512244
 8 39 -0.0512011
 3 20 -0.051088
 19 34 -0.0510724
 16 23 0.0507978
 10 15 0.0506618
 9 29 -0.0506071
 33 45 0.0505121
 6 36 -0.0502866
 22 22 0.0502261
 5 47 -0.050203
 17 49 0.0501373
 35 49 -0.0499134
 7 45 -0.0498693
 27 42 -0.0497227
 43 50 0.0496534
 31 35 0.049507
 41 45 -0.0493681
 4 13 -0.0493187
 6 28 0.0493129
 9 9 0.0491321
 30 48 0.0490161
 28 45 0.0490005
 16 40 -0.0489554
 14 36 0.0489021
 15 23 -0.048859
 13 40 -0.0488156
 12 17 0.0486778
 13 18 0.048646
 2 7 -0.0486436
 22 29 -0.0486417
 42 44 0.0484899
 13 19 0.0484473
 46 47 -0.0483991
 31 50 -0.0482845
 25 47 0.0481824
 11 22 0.0479995
 14 26 -0.0479142
 26 37 -0.0479036
 36 38 -0.0478977
 28 35 -0.0478926
 20 45 -0.0478097
 26 47 -0.0478042
 36 40 -0.0477908
 3 24 0.0477692
 23 41 -0.0476983
 29 49 0.0476761
 1 33 0.0476591
 14 31 0.0476387
 18 25 -0.0476172
 9 39 0.0476075
 10 18 0.0475632
 3 4 -0.0472863
 9 28 -0.0472333
 2 48 -0.0471293
 15 21 0.0471224
 5 22 0.0471221
 7 32 0.0470983
 17 46 -0.0469947
 35 37 0.046984
 2 22 -0.0469563
 31 34 -0.046711
 28 43 0.0466318
 24 24 -0.0465055
 1 39 -0.0464821
 12 34 0.0462997
 7 19 -0.0461788
 24 25 0.0461496
 7 17 -0.0459461
 28 28 -0.0459402
 6 16 -0.0458534
 32 46 0.045844
 34 44 -0.0457251
 1 18 0.0456355
 19 37 0.0455627
 11 27 -0.0453417
 8 35 0.0452663
 18 42 -0.0452507
 14 35 0.0451588
 13 26 0.0451345
 9 37 -0.0451114
 3 36 0.0450483
 37 50 0.0450418
 42 49 -0.0450053
 3 26 0.0448809
 34 34 0.0448198
 41 49 -0.0448068
 16 29 0.0448055
 11 30 -0.0446074
 44 47 0.0445391
 33 44 -0.044531
 8 48 0.0444437
 35 47 -0.0443679
 39 39 -0.0443028
 17 29 0.044153
 3 7 -0.0440456
 20 26 0.0439704
 20 27 0.0439629
 11 41 -0.043953
 7 10 -0.0439259
 1 37 0.0439183
 17 44 0.0439097
 4 4 0.0439003
 34 36 -0.0438755
 50 50 -0.0438635
 12 47 -0.0438585
 46 48 -0.0438461
 11 50 0.0438064
 19 33 -0.0438005
 3 15 -0.0437684
 2 35 0.0437104
 31 41 0.0434728
 27 45 -0.0432107
 11 25 -0.0432095
 28 49 0.0432028
 7 48 -0.0430718
 26 33 0.0428314
 5 49 0.0428103
 24 40 0.042761
 5 9 -0.042611
 10 44 0.0424789
 33 43 -0.0423624
 3 18 -0.0423117
 21 24 -0.0421916
 23 43 0.0421461
 37 44 0.0421195
 43 45 -0.0420706
 2 45 -0.0416592
 33 49 0.0416436
 30 39 0.041613
 32 42 -0.0415543
 1 32 0.0414911
 32 40 -0.0414857
 30 32 0.0413803
 19 47 -0.041357
 20 22 -0.0412649
 18 49 -0.0411366
 31 44 -0.0410928
 39 40 0.041057
 18 28 -0.0410133
 24 48 -0.0409897
 14 46 0.0408711
 24 30 0.0408272
 5 11 -0.0406693
 27 50 -0.0406041
 19 26 -0.0405843
 25 44 0.0405024
 10 29 0.0403512
 8 10 -0.0403279
 15 38 0.0403222
 39 46 -0.040301
 45 47 0.0402629
 24 38 -0.0402145
 30 33 0.0400968
 25 32 0.0399942
 32 43 -0.0399885
 16 35 -0.0399825
 16 50 0.0399613
 9 41 0.0399406
 49 50 0.0398896
 17 26 -0.0397532
 34 38 -0.0396491
 21 29 0.0396308
 14 38 0.0395991
 20 42 -0.0395486
 24 41 -0.0395364
 2 31 -0.0394113
 14 20 0.0393238
 7 20 0.0391855
 28 42 0.0391405
 17 45 0.0390787
 1 49 -0.0390386
 3 9 -0.038719
 13 30 0.0386397
 18 47 0.0386387
 10 21 -0.0386287
 1 8 -0.0386212
 2 11 -0.0385197
 21 26 0.0384936
 3 40 0.0384539
 1 34 0.0383506
 25 27 -0.0381627
 37 39 -0.0380222
 22 45 0.0378452
 33 34 0.037825
 24 34 0.0375595
 47 48 0.0375018
 21 32 0.0374672
 34 35 0.0373858
 26 31 -0.0373352
 37 48 0.0371937
 20 37 0.037122
 2 32 -0.0371
 16 27 0.0370109
 10 32 0.0369871
 7 46 0.0369553
 8 25 -0.0368377
 21 33 -0.0367988
 24 39 0.0367144
 38 40 -0.0367044
 6 24 -0.0366206
 14 18 -0.0365495
 18 40 0.036543
 36 44 0.0364888
 1 25 0.0364654
 5 33 -0.0363216
 14 37 0.0362469
 1 41 -0.0362013
 9 19 0.0361573
 16 26 -0.0360751
 10 34 0.0359672
 15 48 -0.0359058
 5 44 0.0358899
 31 46 -0.0358337
 35 39 -0.035758
 14 41 -0.0356459
 30 38 0.0356385
 15 50 0.0356188
 14 21 -0.03555
 38 46 -0.035418
 11 16 0.0354141
 20 32 0.0354068
 23 38 -0.0353395
 11 14 0.0353211
 27 27 0.0351948
 15 33 -0.0351939
 6 27 -0.0351075
 31 39 -0.0351067
 44 50 0.0351067
 22 26 -0.0350874
 5 12 -0.0349967
 2 46 0.0348969
 18 20 0.0348412
 23 33 0.0348256
 10 37 0.0348054
 7 49 -0.0346764
 38 45 0.0346715
 28 38 -0.0345578
 15 37 -0.0345171
 7 7 -0.0344468
 15 20 -0.0343059
 7 28 -0.0341989
 12 35 0.0341375
 17 23 -0.0341192
 9 16 0.0338885
 5 37 0.0338684
 15 44 0.0338518
 6 13 -0.0337315
 4 15 -0.033726
 16 37 -0.033724
 18 21 -0.0335749
 19 21 -0.0335666
 18 45 0.0335621
 6 44 -0.033421
 35 48 0.0333863
 15 27 -0.0332912
 20 34 -0.0332428
 33 35 -0.0330641
 10 43 -0.0330275
 21 39 0.032938
 11 23 0.0328791
 39 45 -0.0328756
 13 22 -0.0328623
 4 8 0.0328131
 23 34 0.0327365
 7 25 -0.0326822
 8 30 0.0326579
 10 41 -0.032639
 5 6 -0.0325397
 2 25 -0.0324273
 17 47 -0.0324253
 26 42 -0.0324245
 30 47 -0.0324056
 14 40 0.0323766
 4 46 0.0323738
 29 44 -0.0322164
 29 36 -0.0322117
 6 9 0.0321304
 29 34 -0.032053
 2 6 0.0320383
 15 42 -0.0320014
 46 50 0.0319036
 22 31 0.0318927
 22 48 -0.0316947
 40 40 0.0315887
 17 35 -0.0315561
 26 29 0.0315059
 2 40 -0.0314255
 5 38 0.0314068
 32 45 -0.0313275
 39 44 -0.0312985
 32 39 0.0309523
 19 43 0.0308818
 8 24 0.0308357
 7 9 -0.0307727
 1 28 -0.0306024
 32 50 0.0305889
 42 46 -0.0305755
 4 6 0.0305587
 22 28 0.030525
 26 39 0.0305237
 15 49 -0.0305096
 22 44 0.0304595
 17 25 0.0303903
 2 12 0.0303588
 30 42 -0.0303495
 5 50 -0.0301142
 28 46 0.0300843
 41 44 -0.0300512
 41 42 -0.0300059
 43 48 -0.0299943
 42 50 -0.0299555
 15 22 0.0299154
 27 38 0.0298877
 9 10 -0.0298508
 14 32 0.0296328
 12 12 0.0293608
 1 38 0.0292199
 1 15 0.0291503
 31 37 -0.0290794
 21 22 0.0289881
 3 32 0.0289604
 9 14 0.0289182
 21 38 -0.028838
 40 42 -0.0287918
 8 16 0.0287565
 31 43 0.0286154
 18 46 0.0285486
 37 45 -0.0285218
 24 49 -0.0285009
 11 20 0.0284907
 40 49 0.0284626
 27 48 -0.0283751
 20 46 0.0282525
 26 26 0.0277864
 23 25 -0.0276804
 15 29 0.0275915
 2 23 0.0275269
 38 42 0.0273943
 33 42 -0.0273635
 10 12 -0.0273322
 17 19 0.0272378
 10 49 0.0271355
 15 35 -0.0270563
 9 15 -0.0269353
 13 17 -0.0267845
 10 46 0.02672
 13 49 -0.0266194
 35 35 0.0265633
 5 26 0.0264212
 15 32 -0.0263265
 3 48 0.0262946
 21 47 -0.0262501
 28 36 0.0262336
 25 40 -0.0262154
 25 35 0.0261613
 3 12 -0.026072
 1 43 0.0260516
 16 43 -0.0259907
 32 38 0.0258666
 20 48 -0.0257211
 18 43 0.0256981
 32 41 -0.0256406
 4 27 0.0255434
 2 29 -0.0255009
 20 31 0.0254877
 29 40 0.0254709
 28 41 0.0254535
 23 46 0.0253646
 4 39 0.025246
 3 47 -0.0252306
 36 45 -0.0251113
 32 49 -0.0250678
 38 38 -0.0250569
 29 38 -0.0250213
 30 49 -0.0249882
 13 16 -0.0249763
 2 5 -0.0249671
 43 49 -0.0248659
 27 33 0.0246856
 41 50 -0.0246411
 14 17 0.0246093
 3 27 0.0244294
 1 30 -0.0243306
 6 14 0.0243218
 9 48 -0.0242126
 13 20 0.0241616
 12 20 0.0240955
 37 46 -0.0240685
 9 43 -0.0240619
 34 49 -0.0239775
 23 36 0.0239693
 14 49 -0.0239672
 18 33 0.0239146
 24 31 -0.0239004
 1 36 -0.0238598
 13 42 -0.0237508
 30 36 0.0237141
 19 49 0.0236576
 21 36 -0.0236168
 12 28 0.0236039
 5 7 0.0236012
 20 39 0.0235997
 15 47 0.0235969
 38 49 -0.023506
 3 22 0.0235016
 1 19 0.0234884
 2 37 -0.0234401
 17 30 0.0233543
 4 44 0.0233297
 15 31 0.0233103
 5 42 -0.0233078
 16 34 -0.0232916
 34 42 0.0232805
 3 21 -0.023272
 10 24 -0.0231958
 16 28 -0.0231749
 1 14 -0.0231486
 26 44 -0.0228797
 12 21 -0.0227868
 4 14 -0.0227319
 10 39 -0.0226115
 34 43 0.0225898
 10 20 0.0225262
 16 30 0.0223071
 26 50 0.0222747
 28 33 0.0221732
 6 34 -0.022152
 12 33 0.0221484
 3 39 -0.0221021
 22 40 0.022003
 17 22 -0.0219933
 7 31 0.0219467
 17 27 -0.0219373
 2 24 -0.0217855
 20 36 -0.0216073
 22 50 0.021606
 12 38 0.0216038
 4 36 0.0214869
 5 36 -0.0214527
 8 49 -0.0213286
 8 8 0.0209563
 19 44 -0.0208364
 24 37 -0.0207979
 8 40 -0.0205949
 18 38 0.0205604
 35 36 0.0205588
 36 50 -0.0204695
 11 44 -0.0202875
 2 20 -0.020221
 7 24 0.020158
 18 30 0.0201456
 5 23 0.020122
 35 40 -0.0200706
 9 46 -0.0200705
 9 45 0.0200603
 31 32 -0.0200486
 14 25 -0.0199923
 28 31 0.0199749
 9 27 0.0198445
 18 48 -0.0198297
 16 45 -0.0197592
 26 27 -0.0196891
 19 31 0.019676
 4 16 0.0196715
 2 14 -0.0195974
 11 11 0.0195786
 13 35 -0.0195699
 28 50 0.0195635
 7 12 -0.0194511
 23 32 0.0193564
 19 25 0.0192931
 8 33 0.0192501
 34 37 0.0190864
 22 47 0.018942
 26 38 -0.0189317
 3 28 0.0189295
 43 43 -0.0188884
 1 27 0.0188504
 1 24 0.0187979
 5 17 -0.0187595
 20 30 0.0186891
 17 17 0.0185945
 31 33 0.0185336
 1 50 0.0183842
 23 27 -0.0183471
 27 28 -0.0183069
 11 39 0.018071
 2 4 -0.0180661
 27 43 -0.0180122
 8 31 0.0180069
 18 29 -0.0179043
 11 37 0.0178481
 6 29 -0.0178107
 28 39 0.0177551
 4 18 -0.0177535
 8 38 -0.017753
 8 45 0.0177468
 8 21 -0.0177413
 20 23 -0.0177043
 3 50 -0.0175217
 34 50 -0.0175009
 22 46 0.0173591
 6 42 -0.0173204
 26 32 -0.0171813
 43 47 0.0170405
 11 48 -0.0170178
 6 39 -0.0169433
 6 43 0.0169409
 6 23 -0.0168268
 25 46 0.0168078
 24 33 -0.0167396
 32 48 0.0166447
 13 39 -0.0166269
 16 42 0.0165061
 14 33 -0.0164693
 27 46 0.0164397
 9 35 -0.0164378
 37 37 0.0164238
 11 34 -0.0162667
 37 49 0.0162486
 29 43 0.0162083
 24 26 0.0161797
 11 32 0.0159792
 19 36 0.0159162
 11 26 0.01579
 2 9 0.0157815
 23 24 0.0157124
 30 43 0.0156269
 30 37 -0.0156056
 13 29 -0.015569
 40 43 0.0154135
 7 38 -0.0153947
 5 31 -0.0153798
 13 13 -0.0152267
 29 31 0.0151529
 9 18 -0.0150584
 3 8 0.0150362
 19 38 -0.0150112
 39 41 -0.0149016
 40 44 0.0148443
 17 48 0.0147518
 30 34 -0.0147296
 14 30 0.0146653
 33 47 0.0146257
 27 47 -0.014596
 22 27 0.0145358
 15 17 -0.0145067
 35 41 0.0141695
 35 38 -0.0141009
 9 23 -0.0141008
 5 10 0.0139866
 8 17 -0.0139747
 29 29 0.0139714
 30 46 -0.0139602
 11 31 -0.01388
 14 39 0.0137982
 12 14 0.0137143
 29 48 -0.0136562
 13 50 -0.0135765
 8 12 0.0135001
 1 10 -0.0134851
 11 28 0.0133506
 25 43 -0.0133491
 4 23 -0.0132543
 29 30 0.0131687
 7 26 -0.0131347
 1 12 0.0131128
 12 43 0.0131004
 16 25 0.0130729
 4 29 -0.0130715
 42 45 0.0128231
 1 4 0.012724
 13 48 0.012575
 23 50 0.0125298
 8 36 -0.0125006
 4 24 -0.0122907
 1 40 -0.0122681
 25 26 0.0122389
 15 16 -0.0121587
 7 27 0.0120886
 5 16 0.0120612
 17 39 0.0120258
 1 21 0.0119909
 22 36 0.0119539
 29 35 0.0117978
 19 23 0.0117211
 4 30 0.0117079
 32 33 -0.011652
 21 49 -0.0116166
 11 36 0.0114937
 12 48 0.0114562
 31 47 0.0114449
 3 35 -0.0113315
 25 25 -0.0113303
 20 40 0.0111145
 31 40 -0.011106
 27 29 0.0109991
 4 31 0.0109927
 9 11 -0.0109861
 3 42 -0.0107598
 43 46 0.0106869
 18 44 -0.0106661
 1 17 0.0106364
 18 24 0.0104422
 21 48 -0.0104371
 9 38 0.0103833
 15 19 -0.0103239
 22 24 -0.0103088
 18 50 0.0102429
 12 24 0.0102403
 8 44 0.0101815
 5 21 -0.0101383
 17 18 -0.0100736
 14 22 0.0100354
 23 44 0.010009
 17 20 -0.00992606
 25 31 -0.00979813
 6 31 0.00975595
 13 47 0.00972794
 1 47 -0.00964612
 32 34 -0.00960405
 6 19 -0.00959462
 19 48 0.00951955
 3 5 -0.0095157
 6 48 0.00947491
 48 49 -0.00942217
 3 3 -0.00939773
 23 45 -0.0093967
 10 14 0.00939538
 10 36 -0.00929131
 6 6 0.00918713
 5 34 0.00914846
 40 48 -0.00912384
 4 33 0.00896849
 29 32 -0.00883844
 10 22 0.00883724
 25 45 0.00882567
 19 41 -0.00877241
 19 42 0.00867197
 39 42 -0.00858618
 10 17 0.00858391
 35 46 -0.00857639
 41 41 -0.00854379
 10 33 0.00818603
 6 41 0.00817541
 1 3 0.00811875
 18 41 0.00810211
 30 40 -0.00804973
 32 35 0.0079984
 4 12 -0.00786241
 2 50 -0.00774835
 14 24 -0.00772263
 32 32 -0.00769851
 2 34 0.00769334
 19 40 -0.00766744
 35 50 0.00766693
 23 37 -0.00763316
 9 17 0.0076155
 8 20 0.00759827
 12 44 -0.00753658
 32 44 0.00752595
 9 32 -0.00752179
 26 46 0.00742299
 36 43 -0.00723758
 6 25 -0.00701365
 6 22 0.00694363
 11 33 -0.00683307
 37 40 -0.00676193
 41 48 0.00674403
 24 46 0.00670996
 8 43 0.00664386
 1 9 -0.00664335
 10 26 0.00662145
 1 31 0.00658301
 4 11 0.00655515
 1 35 -0.00641358
 3 29 0.00627798
 7 37 0.00609384
 18 34 0.00603653
 6 32 -0.00600732
 45 46 0.0060009
 11 38 0.00599857
 12 42 -0.0059857
 11 24 -0.00592711
 2 36 0.00591979
 3 31 0.0059187
 1 26 0.00590572
 28 29 -0.00589322
 26 41 0.00584956
 17 36 -0.00580381
 38 47 0.00572874
 4 22 -0.00563711
 25 37 -0.00553903
 17 28 -0.00552393
 19 19 -0.00545426
 33 36 0.00544567
 5 43 0.00529023
 34 41 0.00518682
 11 35 0.00515888
 6 15 0.00507512
 36 36 0.0050375
 26 35 0.0049948
 5 13 -0.00499165
 6 49 -0.00497668
 35 43 -0.00487439
 8 42 0.00484795
 42 42 0.0048444
 2 44 -0.00477846
 35 44 0.00475297
 2 13 0.00474436
 4 26 0.00466386
 23 30 -0.00461247
 19 27 0.00455928
 10 11 0.00445141
 24 29 0.00441319
 33 39 -0.00417865
 14 43 0.00414929
 7 35 0.00412128
 31 31 0.0040937
 6 30 0.00404841
 9 20 -0.00401835
 26 45 0.00381167
 21 40 0.00379505
 40 47 0.00369572
 13 38 -0.00362211
 2 15 0.00356363
 24 35 -0.00355274
 6 18 -0.00348066
 10 48 0.00329893
 10 19 0.00328455
 17 33 -0.00324196
 8 29 -0.00321913
 8 14 -0.00314671
 19 30 0.00313735
 7 42 0.00311376
 13 43 0.00301003
 8 41 -0.00299131
 4 9 -0.00298061
 29 41 0.00289516
 17 37 -0.00287555
 30 50 0.00285515
 48 48 0.00284948
 6 17 -0.0028027
 6 45 -0.00274549
 18 18 0.00268646
 1 20 0.00268223
 41 46 -0.00265954
 16 32 0.0025245
 22 30 0.00248053
 11 12 0.00239858
 11 21 -0.00237521
 5 28 0.00231016
 7 41 0.00230603
 7 47 -0.00228187
 5 39 0.00226688
 13 41 0.0022637
 40 46 -0.00224735
 12 39 0.00218589
 14 29 -0.00217673
 12 16 -0.00207424
 19 46 0.00203624
 36 48 -0.00203009
 24 45 0.00192409
 25 28 0.00187965
 48 50 -0.00177884
 5 41 0.00173113
 2 2 0.00170495
 7 15 0.001671
 23 23 -0.00161496
 25 49 -0.00151407
 14 28 -0.00148999
 27 31 -0.00148628
 4 5 0.0014764
 27 39 -0.00141431
 44 45 0.00140413
 1 42 -0.00136525
 3 14 0.00124614
 16 20 0.00113685
 10 47 0.00108112
 31 38 -0.0010377
 6 20 0.000773745
 21 25 0.000770975
 29 37 -0.000748366
 9 22 0.000602263
 31 45 -0.00052027
 1 5 0.00051596
 28 40 -0.00048795
 33 33 0.000448401
 8 27 -0.000421382
 4 21 0.000359323
 17 24 0.00029053
 14 44 0.000253616
 26 34 -0.0002338
 16 46 -0.000220105
